@Model:X12; Fireware:V2.1.3; Hardware:V1.0.0; SN:2411089990

$1;1;0;2;0;0;50087;31184;0;376;0;3468;3471;3471;3472;3468;3467;3462;3459;3452;0;0;0;22
$1;1;1000;2;0;0;50082;31182;0;376;0;3468;3470;3470;3473;3467;3467;3462;3459;3452;0;0;0;42
$1;128;1000;0;0;0;0;0;0;0;0;0;0;0;0;0;0;20
$1;1;2000;2;0;291;49748;31535;2;375;0;3474;3475;3475;3479;3471;3472;3468;3464;3459;0;0;0;40
$1;1;3000;2;0;1361;49385;31747;6;378;0;3502;3500;3501;3506;3495;3497;3496;3490;3487;0;0;0;29
$1;1;4000;2;0;1490;49356;31785;10;379;0;3508;3506;3507;3513;3501;3503;3503;3496;3494;0;0;0;34
$1;128;4000;334;151;18;16;15;18;14;16;19;16;19;0;0;0;38
$1;1;5000;2;0;1501;49342;31793;14;379;0;3510;3508;3508;3515;3503;3504;3505;3498;3496;0;0;0;45
$1;1;6000;2;0;1498;49331;31799;18;379;0;3511;3508;3509;3516;3503;3505;3505;3498;3497;0;0;0;46
$1;1;7000;2;0;1503;49322;31805;23;379;0;3511;3509;3510;3517;3504;3506;3506;3499;3497;0;0;0;34
$1;1;8000;2;0;1499;49316;31810;27;379;0;3512;3510;3510;3517;3504;3506;3506;3500;3498;0;0;0;45
$1;1;9000;2;0;1499;49307;31815;31;380;0;3512;3510;3511;3517;3505;3507;3507;3500;3498;0;0;0;40
$1;1;10000;2;0;1499;49288;31819;35;381;0;3513;3511;3511;3518;3505;3507;3507;3501;3499;0;0;0;16
$1;1;11000;2;0;1500;49289;31824;39;381;0;3513;3511;3512;3518;3506;3508;3508;3501;3499;0;0;0;19
$1;1;12000;2;0;1500;49285;31827;43;382;0;3514;3511;3512;3518;3506;3509;3508;3502;3500;0;0;0;21
$1;1;13000;2;0;1496;49283;31829;48;382;0;3514;3512;3513;3519;3507;3509;3509;3502;3500;0;0;0;26
$1;1;14000;2;0;1502;49277;31834;52;382;0;3514;3512;3513;3519;3507;3509;3509;3502;3501;0;0;0;28
$1;1;15000;2;0;1499;49275;31837;56;383;0;3515;3512;3513;3519;3507;3510;3510;3503;3501;0;0;0;26
$1;1;16000;2;0;1500;49268;31839;60;383;0;3515;3513;3514;3520;3507;3510;3510;3503;3501;0;0;0;19
$1;1;17000;2;0;1499;49266;31841;64;383;0;3515;3513;3514;3521;3508;3510;3510;3503;3501;0;0;0;24
$1;1;18000;2;0;1499;49263;31844;68;384;0;3516;3513;3514;3521;3508;3510;3510;3504;3502;0;0;0;27
$1;1;19000;2;0;1500;49257;31846;72;385;0;3516;3513;3514;3521;3508;3511;3511;3504;3502;0;0;0;20
$1;1;20000;2;0;1498;49254;31848;77;385;0;3516;3514;3515;3521;3509;3511;3511;3504;3502;0;0;0;17
$1;130;20000;77;77;77;77;77;77;77;77;77;0;0;0;0;21
